-0.075613860373052788
-0.075335054766040549
-0.075158263216084320
-0.076808127135722007
-0.076017960440241755
-0.075335054766040938
-0.074897490099981895
-0.075839360151597868
-0.076091795943248344
-0.076769564970272930
-0.075158263216084251
-0.075839360151597854
-0.076733287842675302
-0.075002202563676498
-0.076200152157107820
-0.076808127135721757
-0.076091795943248511
-0.075002202563676373
-0.075551705799200702
-0.075479434489294298
-0.076017960440241852
-0.076769564970272958
-0.076200152157107737
-0.075479434489294298
-0.074466153874225172
-0.036420049516717790
-0.038300478095626360
-0.038924256601791586
-0.038537623315851470
-0.037284225435583754
-0.038300478095626013
-0.039682179295505889
-0.037443421396603678
-0.036769245013212638
-0.037271309164622013
-0.038924256601791107
-0.037443421396602325
-0.035913292118771090
-0.037009218880171557
-0.040176443968235984
-0.038537623315853434
-0.036769245013212298
-0.037009218880171620
-0.039304744270747628
-0.037845801485586306
-0.037284225435583698
-0.037271309164620556
-0.040176443968234207
-0.037845801485586306
-0.036888852911545145
-0.059757740828429655
-0.059526799298698495
-0.059847063998983221
-0.061985955355249346
-0.061337882010851705
-0.059526799298698495
-0.059011182464273497
-0.060064600624305471
-0.061379003911319854
-0.061358632765565059
-0.059847063998983221
-0.060064600624305471
-0.060018660349222361
-0.060424632691764568
-0.060278095200059258
-0.061985955355249346
-0.061379003911319854
-0.060424632691764568
-0.062010904803134488
-0.061432011781420867
-0.061337882010851705
-0.061358632765565059
-0.060278095200059258
-0.061432011781420867
-0.059665220003071895
-0.059526799298698495
-0.059011182464273497
-0.060064600624305471
-0.061379003911319854
-0.061358632765565059
-0.059011182464273497
-0.058430044744791701
-0.060121911487083769
-0.060681432765289700
-0.061345388938492132
-0.060064600624305471
-0.060121911487083769
-0.061076569240878932
-0.060230689756988171
-0.061863669497133317
-0.061379003911319854
-0.060681432765289700
-0.060230689756988171
-0.060815027894788286
-0.061261029444608997
-0.061358632765565059
-0.061345388938492132
-0.061863669497133317
-0.061261029444608997
-0.061249539235293395
-0.059847063998983221
-0.060064600624305471
-0.060018660349222361
-0.060424632691764568
-0.060278095200059258
-0.060064600624305471
-0.060121911487083769
-0.061076569240878932
-0.060230689756988171
-0.061863669497133317
-0.060018660349222361
-0.061076569240878932
-0.063384915471192238
-0.060045352714304855
-0.062407653595103196
-0.060424632691764568
-0.060230689756988171
-0.060045352714304855
-0.059240155859418719
-0.060067979232229333
-0.060278095200059258
-0.061863669497133317
-0.062407653595103196
-0.060067979232229333
-0.060183211103906294
-0.061985955355249346
-0.061379003911319854
-0.060424632691764568
-0.062010904803134488
-0.061432011781420867
-0.061379003911319854
-0.060681432765289700
-0.060230689756988171
-0.060815027894788286
-0.061261029444608997
-0.060424632691764568
-0.060230689756988171
-0.060045352714304855
-0.059240155859418719
-0.060067979232229333
-0.062010904803134488
-0.060815027894788286
-0.059240155859418719
-0.060191822255290038
-0.059948912384171056
-0.061432011781420867
-0.061261029444608997
-0.060067979232229333
-0.059948912384171056
-0.059207805114747214
-0.061337882010851705
-0.061358632765565059
-0.060278095200059258
-0.061432011781420867
-0.059665220003071895
-0.061358632765565059
-0.061345388938492132
-0.061863669497133317
-0.061261029444608997
-0.061249539235293395
-0.060278095200059258
-0.061863669497133317
-0.062407653595103196
-0.060067979232229333
-0.060183211103906294
-0.061432011781420867
-0.061261029444608997
-0.060067979232229333
-0.059948912384171056
-0.059207805114747214
-0.059665220003071895
-0.061249539235293395
-0.060183211103907189
-0.059207805114747811
-0.057558840039881307
