-0.002537975942981515
-0.008365609249968643
-0.008365609249968649
-0.008191280750792725
-0.005464051274564115
0.000012258678088922
0.000012258678088921
-0.008290703678469650
-0.047955758609803542
0.046138494410978753
0.046138494410978753
-0.048897976077772590
0.003758821174183154
-0.013910724946110124
-0.013910724946110124
-0.019551712053764474
-0.013910724946110124
-0.019551712053764474
-0.019551712053764474
-0.013213410949406420
-0.017301433015565859
-0.014706675854617123
-0.014706675854617123
-0.018706726432901718
-0.014706675854617123
-0.018706726432901759
-0.018706726432901617
-0.047221211284148246
