-0.003323044811606250
-0.004171487994499604
-0.004171487994499581
-0.004269902183250360
-0.002085518146863167
-0.001661748256189745
-0.001661748256189729
-0.002558946832685236
-0.003420350382858747
0.002171261581841083
0.002171261581841083
-0.003578159944799725
-0.005055164975603125
-0.008237014270821841
-0.008237014270821841
-0.008448937707176534
-0.008237014270821841
-0.008448937707176534
-0.008448937707176534
-0.008630671025824993
-0.010903260201983759
-0.010730991631893991
-0.010730991631893991
-0.012601953370863289
-0.010730991631893991
-0.012601953370863268
-0.012601953370863287
-0.014713442692879197
