-0.081354756123438621
-0.081674572083290709
-0.077164927206309339
-0.081076108413050865
-0.072149842814573012
-0.081674572083290875
-0.081812009074607631
-0.078297931849612951
-0.080929840803125916
-0.073317816628764299
-0.077164927206309478
-0.078297931849612895
-0.074832292154513841
-0.075511552448647573
-0.068419077328572317
-0.081076108413050893
-0.080929840803125888
-0.075511552448647629
-0.078521826843712270
-0.070098308428818035
-0.072149842814573054
-0.073317816628764243
-0.068419077328572178
-0.070098308428818021
-0.060851596294960841
-0.038452840418013161
-0.042024937637062720
-0.039734957892814615
-0.041187553263379972
-0.035309814109060630
-0.042024937637063275
-0.042031674252922847
-0.038679104399964810
-0.040195803623684842
-0.035084565306065796
-0.039734957892815781
-0.038679104399965775
-0.034812200416755035
-0.037448223491777913
-0.036438404292515825
-0.041187553263379612
-0.040195803623685092
-0.037448223491777996
-0.039281102767164899
-0.034956135322668808
-0.035309814109059687
-0.035084565306065546
-0.036438404292516366
-0.034956135322668752
-0.030629401717535580
-0.066584715494003327
-0.067152751214673553
-0.063764454603795193
-0.067367146828763796
-0.060549956352517975
-0.067152751214673595
-0.066774825861852766
-0.064181221567968016
-0.067666946443361992
-0.060922543245306764
-0.063764454603795359
-0.064181221567968294
-0.060911561581837179
-0.063342046204793806
-0.056460424866843086
-0.067367146828764171
-0.067666946443362214
-0.063342046204793889
-0.066303816369789853
-0.059624477805494486
-0.060549956352517989
-0.060922543245306937
-0.056460424866843086
-0.059624477805494659
-0.051041968988129530
-0.067152751214673290
-0.066774825861852904
-0.064181221567968266
-0.067666946443362214
-0.060922543245306937
-0.066774825861853015
-0.066912793407228069
-0.064828944163494912
-0.067208518229161962
-0.061522954636692023
-0.064181221567968433
-0.064828944163494578
-0.062625736245897304
-0.063275598370763894
-0.058280227050327094
-0.067666946443362005
-0.067208518229162323
-0.063275598370763936
-0.065990770861461379
-0.059577529307754042
-0.060922543245307194
-0.061522954636692974
-0.058280227050327205
-0.059577529307753771
-0.052968012274977161
-0.063764454603795317
-0.064181221567968266
-0.060911561581836790
-0.063342046204793889
-0.056460424866843315
-0.064181221567968211
-0.064828944163494717
-0.062625736245897290
-0.063275598370764199
-0.058280227050327094
-0.060911561581836915
-0.062625736245897762
-0.060785059010735248
-0.059595184369784879
-0.055411627409801052
-0.063342046204793501
-0.063275598370763950
-0.059595184369785233
-0.060774724547684712
-0.055058656301563390
-0.056460424866843086
-0.058280227050326879
-0.055411627409800983
-0.055058656301563556
-0.048465373685753974
-0.067367146828763935
-0.067666946443362214
-0.063342046204793556
-0.066303816369789631
-0.059624477805494312
-0.067666946443362144
-0.067208518229161379
-0.063275598370764158
-0.065990770861461406
-0.059577529307753771
-0.063342046204793501
-0.063275598370763811
-0.059595184369784886
-0.060774724547684435
-0.055058656301563556
-0.066303816369789659
-0.065990770861461795
-0.060774724547683977
-0.064239550874986978
-0.056778444720926705
-0.059624477805494465
-0.059577529307753882
-0.055058656301563424
-0.056778444720926968
-0.049354125579533586
-0.060549956352517989
-0.060922543245307194
-0.056460424866843995
-0.059624477805494465
-0.051041968988129044
-0.060922543245306937
-0.061522954636692592
-0.058280227050326767
-0.059577529307753882
-0.052968012274976925
-0.056460424866843703
-0.058280227050326767
-0.055411627409801052
-0.055058656301563390
-0.048465373685753751
-0.059624477805494465
-0.059577529307753882
-0.055058656301563508
-0.056778444720926968
-0.049354125579533586
-0.051041968988129030
-0.052968012274976849
-0.048465373685754029
-0.049354125579533795
-0.041576904651449614
